cfD-8.png 尺寸=504x535
  组件盒内深色像素(边框/文字) = x[25..306] y[325..356] 像素=831 中心=(166,341)
    y=328 深色x = 25,26,47,48
    y=332 深色x = 25,26,47,48,59,61,62,63,64,65,66,67,68,69
    y=336 深色x = 25,26,47,48,59,61,62,63,64,65,66,67,68,69
    y=340 深色x = 25,26,47,48,59,62,63,64,65,66,67,68,69,75
    y=344 深色x = 25,26,47,48
    y=348 深色x = 27,28,29,30,31,32,33,34,35,36,37,38,39,40
    y=352 深色x = 274,275,285,286,292
    y=356 深色x = 265,266,267,268,269,270,271,272,273,274,275,276,277,278
cfD-20.png 尺寸=504x535
  组件盒内深色像素(边框/文字) = x[25..306] y[325..356] 像素=831 中心=(166,341)
    y=328 深色x = 25,26,47,48
    y=332 深色x = 25,26,47,48,59,61,62,63,64,65,66,67,68,69
    y=336 深色x = 25,26,47,48,59,61,62,63,64,65,66,67,68,69
    y=340 深色x = 25,26,47,48,59,62,63,64,65,66,67,68,69,75
    y=344 深色x = 25,26,47,48
    y=348 深色x = 27,28,29,30,31,32,33,34,35,36,37,38,39,40
    y=352 深色x = 274,275,285,286,292
    y=356 深色x = 265,266,267,268,269,270,271,272,273,274,275,276,277,278
